{
 "cells": [
  {
   "cell_type": "code",
   "execution_count": 3,
   "metadata": {},
   "outputs": [],
   "source": [
    "step_file_path = \"examples/test/Robot.step\""
   ]
  },
  {
   "cell_type": "code",
   "execution_count": 4,
   "metadata": {},
   "outputs": [
    {
     "name": "stdout",
     "output_type": "stream",
     "text": [
      "Reading STEP file ... parsing Assembly ... done\n",
      "duration:   7.5 s\n"
     ]
    }
   ],
   "source": [
    "from ocp_tessellate.stepreader import StepReader\n",
    "\n",
    "r = StepReader()\n",
    "r.load(step_file_path)\n",
    "cq_assembly = r.to_cadquery()"
   ]
  },
  {
   "cell_type": "code",
   "execution_count": 7,
   "metadata": {},
   "outputs": [],
   "source": [
    "from orion_cli.services.archive_service import CadArchive, ArchiveIndex\n",
    "from orion_cli.helpers.archive_helper import ArchiveHelper\n",
    "\n",
    "\n",
    "archive = CadArchive()\n",
    "assemblies = ArchiveHelper.process_assembly(cq_assembly, archive)\n"
   ]
  },
  {
   "cell_type": "code",
   "execution_count": 2,
   "metadata": {},
   "outputs": [
    {
     "name": "stdout",
     "output_type": "stream",
     "text": [
      "Reading STEP file ... parsing Assembly ... done\n",
      "duration:   7.4 s\n"
     ]
    }
   ],
   "source": [
    "from orion_cli.services.archive_service import ArchiveService\n",
    "\n",
    "cad_path = \"examples/test/Robot.step\"\n",
    "\n",
    "archive = ArchiveService.create_archive(\"examples/test/Robot\", cad_path, write=True)"
   ]
  },
  {
   "cell_type": "code",
   "execution_count": 12,
   "metadata": {},
   "outputs": [
    {
     "name": "stdout",
     "output_type": "stream",
     "text": [
      "Reading STEP file ... parsing Assembly ... done\n",
      "duration:   7.4 s\n"
     ]
    }
   ],
   "source": [
    "from orion_cli.services.archive_service import ArchiveService\n",
    "\n",
    "cad_path = \"examples/test/Robot.step\"\n",
    "\n",
    "revised_archive = ArchiveService.revise_archive(\"examples/test/Robot\", cad_path, write=True)"
   ]
  },
  {
   "cell_type": "code",
   "execution_count": 11,
   "metadata": {},
   "outputs": [
    {
     "data": {
      "text/plain": [
       "{InventoryVariationRef(checksum='b754eb746a3af48c3479b0246ea0aed8', id=1)}"
      ]
     },
     "execution_count": 11,
     "metadata": {},
     "output_type": "execute_result"
    }
   ],
   "source": [
    "revised_archive.index.is_part_modified"
   ]
  },
  {
   "cell_type": "code",
   "execution_count": 5,
   "metadata": {},
   "outputs": [
    {
     "data": {
      "text/plain": [
       "CadArchive(assemblies=OrderedDict([('fc5dfcb8-c659-4098-a61c-ad84984b14c7', Assembly(path='/Robot', id='fc5dfcb8-c659-4098-a61c-ad84984b14c7', location=None, children=['8d92bb0a-2598-43f7-a79d-387c3ba04525', '856db39c-2aef-489c-94ba-a76d0cb37f7f', '4a517964-6c12-49d3-a782-092667ae46ea', 'a9faccbb-2adb-4b14-802b-af936f01fc06', 'f0e21b98-2681-421d-b867-a2b4030220e9'], parts=[])), ('4dc9d629-adab-4c2b-a843-60a7e79ecd7b', Assembly(path='/Robot/Right_Arm_<1>_0/X8_<1>_0', id='4dc9d629-adab-4c2b-a843-60a7e79ecd7b', location=None, children=[], parts=[PartRef(path='/Robot/Right_Arm_<1>_0/X8_<1>_0/Inner_0', name='Inner_0', variation=InventoryVariationRef(checksum='2f6e7b4e3686d489f4755e2171be91c0', id=1), id='04ab6153-bce8-4f77-859a-2285a61c6dcc', location=Location(position=array([-71.94283452,  -5.0580749 , 312.318314  ]), orientation=array([[-0.3970654 ,  0.25473868, -0.88172971],\n",
       "       [-0.38014021, -0.9200753 , -0.09463018],\n",
       "       [-0.83536368,  0.29760655,  0.46216648]]))), PartRef(path='/Robot/Right_Arm_<1>_0/X8_<1>_0/Outer_0', name='Outer_0', variation=InventoryVariationRef(checksum='2d4fd143b60d18c41c441c9b63507631', id=1), id='3c2d7381-4f3e-40a5-9880-476acdaed161', location=Location(position=array([-94.69146091,  -7.49953343, 324.24220923]), orientation=array([[ 0.08704456, -0.46365501,  0.88172971],\n",
       "       [-0.99548837, -0.00693105,  0.09463018],\n",
       "       [-0.03776445, -0.88598871, -0.46216648]]))), PartRef(path='/Robot/Right_Arm_<1>_0/X8_<1>_0/PCB_0', name='PCB_0', variation=InventoryVariationRef(checksum='41ba72c40f1caabdaed0f175bc58ff25', id=1), id='4305ed2d-bede-4cf9-b2cf-4478600ef29d', location=Location(position=array([-94.69146091,  -7.49953343, 324.24220923]), orientation=array([[ 0.08704456, -0.46365501,  0.88172971],\n",
       "       [-0.99548837, -0.00693105,  0.09463018],\n",
       "       [-0.03776445, -0.88598871, -0.46216648]])))])), ('0cd7c028-65ed-4abf-88c1-f1195f094a0d', Assembly(path='/Robot/Right_Arm_<1>_0/X8_<2>_0', id='0cd7c028-65ed-4abf-88c1-f1195f094a0d', location=None, children=[], parts=[PartRef(path='/Robot/Right_Arm_<1>_0/X8_<2>_0/Inner_0', name='Inner_0', variation=InventoryVariationRef(checksum='2f6e7b4e3686d489f4755e2171be91c0', id=1), id='395e75e4-32a0-435d-980f-7eb554eda237', location=Location(position=array([-158.26955806,  -42.17693925,  370.24246018]), orientation=array([[ 0.79875524, -0.54506722, -0.25473868],\n",
       "       [ 0.02673027, -0.39082854,  0.9200753 ],\n",
       "       [-0.60106203, -0.7417242 , -0.29760655]]))), PartRef(path='/Robot/Right_Arm_<1>_0/X8_<2>_0/Outer_0', name='Outer_0', variation=InventoryVariationRef(checksum='2d4fd143b60d18c41c441c9b63507631', id=1), id='186554ee-20a6-4378-bd9f-ccfd392fa51e', location=Location(position=array([-164.84181592,  -18.43899663,  362.56421123]), orientation=array([[-0.3970654 ,  0.88172971,  0.25473868],\n",
       "       [-0.38014021,  0.09463018, -0.9200753 ],\n",
       "       [-0.83536368, -0.46216648,  0.29760655]]))), PartRef(path='/Robot/Right_Arm_<1>_0/X8_<2>_0/PCB_0', name='PCB_0', variation=InventoryVariationRef(checksum='41ba72c40f1caabdaed0f175bc58ff25', id=1), id='2cdfd535-970a-4742-a85b-a3b0cb2e7dec', location=Location(position=array([-164.84181592,  -18.43899663,  362.56421123]), orientation=array([[-0.3970654 ,  0.88172971,  0.25473868],\n",
       "       [-0.38014021,  0.09463018, -0.9200753 ],\n",
       "       [-0.83536368, -0.46216648,  0.29760655]])))])), ('abb4b3b7-e82f-45b4-813f-98cddb2cfdd4', Assembly(path='/Robot/Right_Arm_<1>_0/X4_<1>_0', id='abb4b3b7-e82f-45b4-813f-98cddb2cfdd4', location=None, children=[], parts=[PartRef(path='/Robot/Right_Arm_<1>_0/X4_<1>_0/Outer_0', name='Outer_0', variation=InventoryVariationRef(checksum='7b1367cd0712add0cc5f5703c2601d26', id=1), id='e7443fb7-c2fb-4712-998a-2d02b729aba5', location=Location(position=array([-314.61000751,  -87.40824914,  173.9857292 ]), orientation=array([[ 0.20247679,  0.83654709,  0.50910915],\n",
       "       [-0.58744564, -0.31219625,  0.74661979],\n",
       "       [ 0.78352458, -0.45024713,  0.42821345]]))), PartRef(path='/Robot/Right_Arm_<1>_0/X4_<1>_0/PCB_0', name='PCB_0', variation=InventoryVariationRef(checksum='3028aeb4c44efd73a0e9a1691af54732', id=1), id='a472faf8-ce74-45d4-a31f-cd3113802171', location=Location(position=array([-314.61000751,  -87.40824914,  173.9857292 ]), orientation=array([[ 0.20247679,  0.83654709,  0.50910915],\n",
       "       [-0.58744564, -0.31219625,  0.74661979],\n",
       "       [ 0.78352458, -0.45024713,  0.42821345]]))), PartRef(path='/Robot/Right_Arm_<1>_0/X4_<1>_0/Inner_0', name='Inner_0', variation=InventoryVariationRef(checksum='dfdf45bb67c86b4ed01f890addc43d7e', id=1), id='0cde4c73-c321-45a5-b644-079fafdeb4d2', location=Location(position=array([-314.61000751,  -87.40824914,  173.9857292 ]), orientation=array([[ 0.39774709,  0.76328574,  0.50910915],\n",
       "       [-0.64529181, -0.16173239,  0.74661979],\n",
       "       [ 0.65222369, -0.62548981,  0.42821345]])))])), ('e729a382-0634-4e1d-b003-aa7774a59633', Assembly(path='/Robot/Right_Arm_<1>_0/X6_<2>_0', id='e729a382-0634-4e1d-b003-aa7774a59633', location=None, children=[], parts=[PartRef(path='/Robot/Right_Arm_<1>_0/X6_<2>_0/Outer_0', name='Outer_0', variation=InventoryVariationRef(checksum='9278fa0e60a24d53c449f52da0a2a47e', id=1), id='156c8230-51eb-492b-a4a1-9bd830bb099e', location=Location(position=array([-291.23011588,  -25.41892284,  214.42029585]), orientation=array([[ 0.83654709,  0.54506722, -0.05559409],\n",
       "       [-0.31219625,  0.39082854, -0.86590216],\n",
       "       [-0.45024713,  0.7417242 ,  0.49711441]]))), PartRef(path='/Robot/Right_Arm_<1>_0/X6_<2>_0/Inner_0', name='Inner_0', variation=InventoryVariationRef(checksum='c84f0dbbd2402eaba07c386946ad1659', id=1), id='6a723887-4c71-44ba-bf3e-7008298411b5', location=Location(position=array([-291.23011588,  -25.41892284,  214.42029585]), orientation=array([[ 0.83654709,  0.50910915,  0.20247679],\n",
       "       [-0.31219625,  0.74661979, -0.58744564],\n",
       "       [-0.45024713,  0.42821345,  0.78352458]]))), PartRef(path='/Robot/Right_Arm_<1>_0/X6_<2>_0/PCB_0', name='PCB_0', variation=InventoryVariationRef(checksum='0dd1f878a13299e9236f99766e9e1e5e', id=1), id='4eeba223-9475-47f3-99de-458ff6a8a091', location=Location(position=array([-291.23011588,  -25.41892284,  214.42029585]), orientation=array([[ 0.83654709,  0.54506722, -0.05559409],\n",
       "       [-0.31219625,  0.39082854, -0.86590216],\n",
       "       [-0.45024713,  0.7417242 ,  0.49711441]])))])), ('9436ff2c-2f2f-41bc-bca2-e0ddb9c70575', Assembly(path='/Robot/Right_Arm_<1>_0/X6_<1>_0', id='9436ff2c-2f2f-41bc-bca2-e0ddb9c70575', location=None, children=[], parts=[PartRef(path='/Robot/Right_Arm_<1>_0/X6_<1>_0/PCB_0', name='PCB_0', variation=InventoryVariationRef(checksum='0dd1f878a13299e9236f99766e9e1e5e', id=1), id='97962118-4027-4204-8791-e534474fcd80', location=Location(position=array([-174.33942993,   46.53867604,  352.83243947]), orientation=array([[-0.54506722,  0.25473868, -0.79875524],\n",
       "       [-0.39082854, -0.9200753 , -0.02673027],\n",
       "       [-0.7417242 ,  0.29760655,  0.60106203]]))), PartRef(path='/Robot/Right_Arm_<1>_0/X6_<1>_0/Inner_0', name='Inner_0', variation=InventoryVariationRef(checksum='c84f0dbbd2402eaba07c386946ad1659', id=1), id='3475d370-a033-4548-bc2e-f2dad9749405', location=Location(position=array([-174.33942993,   46.53867604,  352.83243947]), orientation=array([[-0.54506722,  0.37012765, -0.75226807],\n",
       "       [-0.39082854, -0.9059914 , -0.1625812 ],\n",
       "       [-0.7417242 ,  0.20539015,  0.63848266]]))), PartRef(path='/Robot/Right_Arm_<1>_0/X6_<1>_0/Outer_0', name='Outer_0', variation=InventoryVariationRef(checksum='9278fa0e60a24d53c449f52da0a2a47e', id=1), id='dbf3d2ea-07ec-40ed-a9dc-1784aa2e0a6f', location=Location(position=array([-174.33942993,   46.53867604,  352.83243947]), orientation=array([[-0.54506722,  0.25473868, -0.79875524],\n",
       "       [-0.39082854, -0.9200753 , -0.02673027],\n",
       "       [-0.7417242 ,  0.29760655,  0.60106203]])))])), ('a30b9c3a-b839-4307-8264-b2d77775cc89', Assembly(path='/Robot/Right_Arm_<1>_0/Hand_<1>_0/X4_<1>_0', id='a30b9c3a-b839-4307-8264-b2d77775cc89', location=None, children=[], parts=[PartRef(path='/Robot/Right_Arm_<1>_0/Hand_<1>_0/X4_<1>_0/Outer_0', name='Outer_0', variation=InventoryVariationRef(checksum='7b1367cd0712add0cc5f5703c2601d26', id=1), id='4aa4819b-ca90-4b20-84a0-d42db3a97ed8', location=Location(position=array([-371.24129727, -146.61656005,  147.21777542]), orientation=array([[ 0.3157831 ,  0.50910915, -0.80068028],\n",
       "       [-0.62485119,  0.74661979,  0.22829777],\n",
       "       [ 0.71403223,  0.42821345,  0.55388737]]))), PartRef(path='/Robot/Right_Arm_<1>_0/Hand_<1>_0/X4_<1>_0/PCB_0', name='PCB_0', variation=InventoryVariationRef(checksum='3028aeb4c44efd73a0e9a1691af54732', id=1), id='886e9222-5732-4d50-9c34-500fc0c2ba99', location=Location(position=array([-371.24129727, -146.61656005,  147.21777542]), orientation=array([[ 0.3157831 ,  0.50910915, -0.80068028],\n",
       "       [-0.62485119,  0.74661979,  0.22829777],\n",
       "       [ 0.71403223,  0.42821345,  0.55388737]]))), PartRef(path='/Robot/Right_Arm_<1>_0/Hand_<1>_0/X4_<1>_0/Inner_0', name='Inner_0', variation=InventoryVariationRef(checksum='dfdf45bb67c86b4ed01f890addc43d7e', id=1), id='aee137a4-4a70-4beb-95f5-4bcaf39ee37b', location=Location(position=array([-371.24129727, -146.61656005,  147.21777542]), orientation=array([[-0.12663175,  0.58555571, -0.80068028],\n",
       "       [-0.9681489 ,  0.10280001,  0.22829777],\n",
       "       [ 0.215991  ,  0.80408747,  0.55388737]])))])), ('b0fde1f2-402f-44ba-bc94-14739d3a482a', Assembly(path='/Robot/Right_Arm_<1>_0/Hand_<1>_0/X4_<2>_0', id='b0fde1f2-402f-44ba-bc94-14739d3a482a', location=None, children=[], parts=[PartRef(path='/Robot/Right_Arm_<1>_0/Hand_<1>_0/X4_<2>_0/Outer_0', name='Outer_0', variation=InventoryVariationRef(checksum='7b1367cd0712add0cc5f5703c2601d26', id=1), id='fbf3d734-c3be-4f63-b589-9518654660a9', location=Location(position=array([-383.93450826, -199.31652282,  120.80099288]), orientation=array([[-0.39929225, -0.80068028,  0.44662825],\n",
       "       [ 0.48589669,  0.22829777,  0.84367324],\n",
       "       [-0.77747676,  0.55388737,  0.29789037]]))), PartRef(path='/Robot/Right_Arm_<1>_0/Hand_<1>_0/X4_<2>_0/Inner_0', name='Inner_0', variation=InventoryVariationRef(checksum='dfdf45bb67c86b4ed01f890addc43d7e', id=1), id='6b9c53f4-fd2c-401a-abb8-340651af09c4', location=Location(position=array([-383.93450826, -199.31652282,  120.80099288]), orientation=array([[ 0.39957633,  0.80053855,  0.44662825],\n",
       "       [-0.48597767, -0.22812534,  0.84367324],\n",
       "       [ 0.77728017, -0.55416321,  0.29789037]]))), PartRef(path='/Robot/Right_Arm_<1>_0/Hand_<1>_0/X4_<2>_0/PCB_0', name='PCB_0', variation=InventoryVariationRef(checksum='3028aeb4c44efd73a0e9a1691af54732', id=1), id='7e962be3-5823-4632-b6b9-6f9c6108354a', location=Location(position=array([-383.93450826, -199.31652282,  120.80099288]), orientation=array([[-0.39929225, -0.80068028,  0.44662825],\n",
       "       [ 0.48589669,  0.22829777,  0.84367324],\n",
       "       [-0.77747676,  0.55388737,  0.29789037]])))])), ('6eaa6d95-84fd-4327-8178-442c40d2bf02', Assembly(path='/Robot/Right_Arm_<1>_0/Hand_<1>_0', id='6eaa6d95-84fd-4327-8178-442c40d2bf02', location=None, children=['a30b9c3a-b839-4307-8264-b2d77775cc89', 'b0fde1f2-402f-44ba-bc94-14739d3a482a'], parts=[PartRef(path='/Robot/Right_Arm_<1>_0/Hand_<1>_0/Slide_0', name='Slide_0', variation=InventoryVariationRef(checksum='815396318413e00b5ff9abbdd39ca43f', id=1), id='291a267b-577b-4b65-8236-cfe140b57748', location=Location(position=array([-449.60722355, -230.35969159,   38.66198507]), orientation=array([[ 0.39929225,  0.44662825, -0.80068028],\n",
       "       [-0.48589669,  0.84367324,  0.22829777],\n",
       "       [ 0.77747676,  0.29789037,  0.55388737]]))), PartRef(path='/Robot/Right_Arm_<1>_0/Hand_<1>_0/Camera_Mount_0', name='Camera_Mount_0', variation=InventoryVariationRef(checksum='119c2c0a5c773eacf2bc4f4e9cf4770d', id=1), id='0d9a9e18-0b6e-4419-9180-9342074079c4', location=Location(position=array([-400.45975642, -230.53243093,  109.77904868]), orientation=array([[-0.39929225, -0.44662825, -0.80068028],\n",
       "       [ 0.48589669, -0.84367324,  0.22829777],\n",
       "       [-0.77747676, -0.29789037,  0.55388737]]))), PartRef(path='/Robot/Right_Arm_<1>_0/Hand_<1>_0/Mount_0', name='Mount_0', variation=InventoryVariationRef(checksum='17312645c3a6505cbf367e65c617bcfd', id=1), id='53b00bfa-a6a9-4d2d-8b47-3353a3742009', location=Location(position=array([-400.45975642, -230.53243093,  109.77904868]), orientation=array([[-0.39929225, -0.44662825, -0.80068028],\n",
       "       [ 0.48589669, -0.84367324,  0.22829777],\n",
       "       [-0.77747676, -0.29789037,  0.55388737]]))), PartRef(path='/Robot/Right_Arm_<1>_0/Hand_<1>_0/Spur_gear__26_teeth__0', name='Spur_gear__26_teeth__0', variation=InventoryVariationRef(checksum='31aba5fff0648548e6565b73ecc7fe8b', id=1), id='699e8966-54b0-4ed9-af8c-a5f6440aee68', location=Location(position=array([-400.4597535 , -230.53243267,  109.77904922]), orientation=array([[ 0.56880602,  0.44662825,  0.6906395 ],\n",
       "       [-0.01073794,  0.84367324, -0.53674963],\n",
       "       [-0.82240161,  0.29789037,  0.48468228]]))), PartRef(path='/Robot/Right_Arm_<1>_0/Hand_<1>_0/Rack_0', name='Rack_0', variation=InventoryVariationRef(checksum='3b9e5e2f86a77d35cb4d73e694742b3c', id=1), id='30f6c344-8515-47eb-8042-01bc6e7a78d7', location=Location(position=array([-388.69983479, -245.52273214,  132.95738367]), orientation=array([[-0.39929225,  0.44662825,  0.80068028],\n",
       "       [ 0.48589669,  0.84367324, -0.22829777],\n",
       "       [-0.77747676,  0.29789037, -0.55388737]]))), PartRef(path='/Robot/Right_Arm_<1>_0/Hand_<1>_0/Slide_1', name='Slide_1', variation=InventoryVariationRef(checksum='815396318413e00b5ff9abbdd39ca43f', id=1), id='7f0561f9-d4d9-4fb2-9a8b-bcd71eef739f', location=Location(position=array([-431.2397801 , -252.71093942,   74.42591581]), orientation=array([[ 0.39929225,  0.44662825, -0.80068028],\n",
       "       [-0.48589669,  0.84367324,  0.22829777],\n",
       "       [ 0.77747676,  0.29789037,  0.55388737]]))), PartRef(path='/Robot/Right_Arm_<1>_0/Hand_<1>_0/Wrist_0', name='Wrist_0', variation=InventoryVariationRef(checksum='f7c58225df89cc524937384224b4eb14', id=1), id='f9c99956-84b9-43a7-b74b-8583b5df3c77', location=Location(position=array([-314.61000751,  -87.40824914,  173.9857292 ]), orientation=array([[ 0.3157831 ,  0.80068028,  0.50910915],\n",
       "       [-0.62485119, -0.22829777,  0.74661979],\n",
       "       [ 0.71403223, -0.55388737,  0.42821345]]))), PartRef(path='/Robot/Right_Arm_<1>_0/Hand_<1>_0/Gripper_0', name='Gripper_0', variation=InventoryVariationRef(checksum='dccc2d76abdd34e89f57ba7fafc4013c', id=1), id='b67eadaf-774f-43db-bd49-cf441dc01eb0', location=Location(position=array([-412.65736973, -216.36893063,   86.30877836]), orientation=array([[ 0.39929225,  0.44662825, -0.80068028],\n",
       "       [-0.48589669,  0.84367324,  0.22829777],\n",
       "       [ 0.77747676,  0.29789037,  0.55388737]]))), PartRef(path='/Robot/Right_Arm_<1>_0/Hand_<1>_0/Gripper_1', name='Gripper_1', variation=InventoryVariationRef(checksum='dccc2d76abdd34e89f57ba7fafc4013c', id=1), id='14ad23c6-79bb-43f7-8135-617cf5dd3f26', location=Location(position=array([-388.69983479, -245.52273214,  132.95738367]), orientation=array([[-0.39929225,  0.44662825,  0.80068028],\n",
       "       [ 0.48589669,  0.84367324, -0.22829777],\n",
       "       [-0.77747676,  0.29789037, -0.55388737]]))), PartRef(path='/Robot/Right_Arm_<1>_0/Hand_<1>_0/Slide_Rail_0', name='Slide_Rail_0', variation=InventoryVariationRef(checksum='6df12b23d9b056b7fe6756e49f1b00fe', id=1), id='f2f0d30a-e809-430a-aa28-21a266965a96', location=Location(position=array([-400.45975642, -230.53243093,  109.77904868]), orientation=array([[-0.39929225, -0.44662825, -0.80068028],\n",
       "       [ 0.48589669, -0.84367324,  0.22829777],\n",
       "       [-0.77747676, -0.29789037,  0.55388737]]))), PartRef(path='/Robot/Right_Arm_<1>_0/Hand_<1>_0/Rack_1', name='Rack_1', variation=InventoryVariationRef(checksum='3b9e5e2f86a77d35cb4d73e694742b3c', id=1), id='8191fc7d-6fac-45e0-b6ef-ef0c15e95523', location=Location(position=array([-412.65736973, -216.36893063,   86.30877836]), orientation=array([[ 0.39929225,  0.44662825, -0.80068028],\n",
       "       [-0.48589669,  0.84367324,  0.22829777],\n",
       "       [ 0.77747676,  0.29789037,  0.55388737]]))), PartRef(path='/Robot/Right_Arm_<1>_0/Hand_<1>_0/Arducam_Case_0', name='Arducam_Case_0', variation=InventoryVariationRef(checksum='0b3e8ea92fd552e74218592f6f7d3266', id=1), id='3b136c58-6f0c-49b2-99b7-c4fdcdf6a095', location=Location(position=array([-418.77151466, -265.12303373,   97.56554354]), orientation=array([[ 0.39929225, -0.80068028, -0.44662825],\n",
       "       [-0.48589669,  0.22829777, -0.84367324],\n",
       "       [ 0.77747676,  0.55388737, -0.29789037]]))), PartRef(path='/Robot/Right_Arm_<1>_0/Hand_<1>_0/Base_0', name='Base_0', variation=InventoryVariationRef(checksum='2f344b217f9a19c3c914ec1a44512f85', id=1), id='3484d773-c354-4e64-90ba-ef033b3bbcbf', location=Location(position=array([-400.45975642, -230.53243093,  109.77904868]), orientation=array([[-0.39929225, -0.44662825, -0.80068028],\n",
       "       [ 0.48589669, -0.84367324,  0.22829777],\n",
       "       [-0.77747676, -0.29789037,  0.55388737]])))])), ('8d92bb0a-2598-43f7-a79d-387c3ba04525', Assembly(path='/Robot/Right_Arm_<1>_0', id='8d92bb0a-2598-43f7-a79d-387c3ba04525', location=None, children=['4dc9d629-adab-4c2b-a843-60a7e79ecd7b', '0cd7c028-65ed-4abf-88c1-f1195f094a0d', 'abb4b3b7-e82f-45b4-813f-98cddb2cfdd4', 'e729a382-0634-4e1d-b003-aa7774a59633', '9436ff2c-2f2f-41bc-bca2-e0ddb9c70575', '6eaa6d95-84fd-4327-8178-442c40d2bf02'], parts=[PartRef(path='/Robot/Right_Arm_<1>_0/Shoulder_Inner_0', name='Shoulder_Inner_0', variation=InventoryVariationRef(checksum='34dc8687db09aada515c7687ad4b19d2', id=1), id='857082b5-d376-4a20-b7ba-aa0eb1681880', location=Location(position=array([-94.69146091,  -7.49953343, 324.24220923]), orientation=array([[-0.3970654 , -0.25473868,  0.88172971],\n",
       "       [-0.38014021,  0.9200753 ,  0.09463018],\n",
       "       [-0.83536368, -0.29760655, -0.46216648]]))), PartRef(path='/Robot/Right_Arm_<1>_0/Shoulder_NonTorso_0', name='Shoulder_NonTorso_0', variation=InventoryVariationRef(checksum='6c456ddc8ab63e7d0534621fcbef0888', id=1), id='25c67035-9b0b-4dfc-b14b-37f456ecf8d5', location=Location(position=array([-164.84181592,  -18.43899663,  362.56421123]), orientation=array([[ 0.79875524,  0.54506722,  0.25473868],\n",
       "       [ 0.02673027,  0.39082854, -0.9200753 ],\n",
       "       [-0.60106203,  0.7417242 ,  0.29760655]]))), PartRef(path='/Robot/Right_Arm_<1>_0/Forearm_0', name='Forearm_0', variation=InventoryVariationRef(checksum='34fbea1006b3b2c236eb69953e86e6c1', id=1), id='14e9f9a6-da85-48f3-b635-a3d0e469dd95', location=Location(position=array([-291.23011588,  -25.41892284,  214.42029585]), orientation=array([[ 0.83654709, -0.50910915, -0.20247679],\n",
       "       [-0.31219625, -0.74661979,  0.58744564],\n",
       "       [-0.45024713, -0.42821345, -0.78352458]]))), PartRef(path='/Robot/Right_Arm_<1>_0/Elbow_0', name='Elbow_0', variation=InventoryVariationRef(checksum='f5d2048a64296da48b073b693f288fec', id=1), id='83d6d5bc-a700-4a80-8754-e3c4fec19d6b', location=Location(position=array([-174.33942993,   46.53867604,  352.83243947]), orientation=array([[-0.54506722, -0.83654709,  0.05559409],\n",
       "       [-0.39082854,  0.31219625,  0.86590216],\n",
       "       [-0.7417242 ,  0.45024713, -0.49711441]])))])), ('c3164ea5-70f1-4a9b-ac2c-cd528aa4dc24', Assembly(path='/Robot/Legs_<1>_0/X8_<2>_0', id='c3164ea5-70f1-4a9b-ac2c-cd528aa4dc24', location=None, children=[], parts=[PartRef(path='/Robot/Legs_<1>_0/X8_<2>_0/Inner_0', name='Inner_0', variation=InventoryVariationRef(checksum='2f6e7b4e3686d489f4755e2171be91c0', id=1), id='1010d95f-03a2-4826-89bf-1e78f6c9f1b9', location=Location(position=array([ 81.11112131, 136.34002572, -77.84307051]), orientation=array([[-4.89141926e-01,  8.72091430e-01,  1.40254780e-02],\n",
       "       [-6.86617557e-03,  1.22298692e-02, -9.99901638e-01],\n",
       "       [-8.72177179e-01, -4.89190115e-01,  5.79109195e-06]]))), PartRef(path='/Robot/Legs_<1>_0/X8_<2>_0/PCB_0', name='PCB_0', variation=InventoryVariationRef(checksum='41ba72c40f1caabdaed0f175bc58ff25', id=1), id='6295cff7-9a6a-419e-98a7-22a4b5820494', location=Location(position=array([ 81.47297864, 110.54256346, -77.8429211 ]), orientation=array([[ 6.51575846e-08, -9.99901638e-01, -1.40254780e-02],\n",
       "       [-5.79074767e-06, -1.40254780e-02,  9.99901638e-01],\n",
       "       [-1.00000000e+00,  1.60668286e-08, -5.79109195e-06]]))), PartRef(path='/Robot/Legs_<1>_0/X8_<2>_0/Outer_0', name='Outer_0', variation=InventoryVariationRef(checksum='2d4fd143b60d18c41c441c9b63507631', id=1), id='f592712b-d608-486a-b270-dcdaef732964', location=Location(position=array([ 81.47297864, 110.54256346, -77.8429211 ]), orientation=array([[ 6.51575845e-08, -9.99901638e-01, -1.40254780e-02],\n",
       "       [-5.79074766e-06, -1.40254780e-02,  9.99901638e-01],\n",
       "       [-1.00000000e+00,  1.60668286e-08, -5.79109194e-06]])))])), ('66d87c19-6cd6-4b8a-9c87-079e743da47f', Assembly(path='/Robot/Legs_<1>_0/Left_Leg_<1>_0/X6_<1>_0', id='66d87c19-6cd6-4b8a-9c87-079e743da47f', location=None, children=[], parts=[PartRef(path='/Robot/Legs_<1>_0/Left_Leg_<1>_0/X6_<1>_0/Outer_0', name='Outer_0', variation=InventoryVariationRef(checksum='9278fa0e60a24d53c449f52da0a2a47e', id=1), id='a28b204f-3e89-411d-b91a-529f2b1dd3fb', location=Location(position=array([ 109.48029843,   39.78802544, -441.02294932]), orientation=array([[-0.99985936, -0.01613658,  0.00456851],\n",
       "       [-0.0112503 ,  0.84738769,  0.53085547],\n",
       "       [-0.01243749,  0.53072941, -0.84745006]]))), PartRef(path='/Robot/Legs_<1>_0/Left_Leg_<1>_0/X6_<1>_0/Inner_0', name='Inner_0', variation=InventoryVariationRef(checksum='c84f0dbbd2402eaba07c386946ad1659', id=1), id='f07040e4-f673-4a26-b7f2-9b7e97dbb234', location=Location(position=array([ 109.48029843,   39.78802544, -441.02294932]), orientation=array([[-0.99985936, -0.01576708,  0.00571487],\n",
       "       [-0.0112503 ,  0.88330245,  0.46866855],\n",
       "       [-0.01243749,  0.46853834, -0.88335561]]))), PartRef(path='/Robot/Legs_<1>_0/Left_Leg_<1>_0/X6_<1>_0/PCB_0', name='PCB_0', variation=InventoryVariationRef(checksum='0dd1f878a13299e9236f99766e9e1e5e', id=1), id='ee1c6d42-74c1-4e5a-81af-07c551d8f419', location=Location(position=array([ 109.48029843,   39.78802544, -441.02294932]), orientation=array([[-0.99985936, -0.01613658,  0.00456851],\n",
       "       [-0.0112503 ,  0.84738769,  0.53085547],\n",
       "       [-0.01243749,  0.53072941, -0.84745006]])))])), ('d8384b65-7e8c-4cce-bad7-65a04e061207', Assembly(path='/Robot/Legs_<1>_0/Left_Leg_<1>_0/X10_<2>_0', id='d8384b65-7e8c-4cce-bad7-65a04e061207', location=None, children=[], parts=[PartRef(path='/Robot/Legs_<1>_0/Left_Leg_<1>_0/X10_<2>_0/Outer_0', name='Outer_0', variation=InventoryVariationRef(checksum='f3046d460b809540c3bd186ba5c95245', id=1), id='0df63280-09ba-4df9-9fa1-776ecdf45cea', location=Location(position=array([  65.65614085,   41.65715865, -200.0606964 ]), orientation=array([[ 0.00696111, -0.0152579 , -0.99985936],\n",
       "       [-0.95311476,  0.30239987, -0.0112503 ],\n",
       "       [ 0.302529  ,  0.95305903, -0.01243749]]))), PartRef(path='/Robot/Legs_<1>_0/Left_Leg_<1>_0/X10_<2>_0/PCB_0', name='PCB_0', variation=InventoryVariationRef(checksum='d0d15b0eefbac8f910b84db8a36ae245', id=1), id='70211992-de00-45c0-a57f-0bb5373d8bbf', location=Location(position=array([  65.65614085,   41.65715865, -200.0606964 ]), orientation=array([[ 0.00696111, -0.0152579 , -0.99985936],\n",
       "       [-0.95311476,  0.30239987, -0.0112503 ],\n",
       "       [ 0.302529  ,  0.95305903, -0.01243749]]))), PartRef(path='/Robot/Legs_<1>_0/Left_Leg_<1>_0/X10_<2>_0/Inner_0', name='Inner_0', variation=InventoryVariationRef(checksum='2abe28c8759ed09d004b7c66674baf05', id=1), id='eeb62ac1-03ba-49d4-a828-2f3880f68490', location=Location(position=array([  42.75936151,   41.39952672, -200.34551495]), orientation=array([[ 5.05223128e-04,  1.67632109e-02,  9.99859360e-01],\n",
       "       [-7.61484119e-01, -6.48085926e-01,  1.12503027e-02],\n",
       "       [ 6.48183370e-01, -7.61382707e-01,  1.24374909e-02]])))])), ('5df7f1af-2240-4773-b862-ab01ce03434c', Assembly(path='/Robot/Legs_<1>_0/Left_Leg_<1>_0/X10_<1>_0', id='5df7f1af-2240-4773-b862-ab01ce03434c', location=None, children=[], parts=[PartRef(path='/Robot/Legs_<1>_0/Left_Leg_<1>_0/X10_<1>_0/Outer_0', name='Outer_0', variation=InventoryVariationRef(checksum='f3046d460b809540c3bd186ba5c95245', id=1), id='e57878c2-fe08-4814-8643-1e5ae9ce9cd7', location=Location(position=array([ 120.2484619 ,   42.27142518, -199.3816094 ]), orientation=array([[ 1.24363805e-02, -1.12515301e-02,  9.99859360e-01],\n",
       "       [ 1.68652127e-04,  9.99936699e-01,  1.12503027e-02],\n",
       "       [-9.99922651e-01,  2.87153619e-05,  1.24374909e-02]]))), PartRef(path='/Robot/Legs_<1>_0/Left_Leg_<1>_0/X10_<1>_0/Inner_0', name='Inner_0', variation=InventoryVariationRef(checksum='2abe28c8759ed09d004b7c66674baf05', id=1), id='26189bd9-7ebe-4f95-a364-1f319e5bfd0e', location=Location(position=array([ 143.14524124,   42.52905712, -199.09679086]), orientation=array([[ 0.00160045,  0.01669428, -0.99985936],\n",
       "       [ 0.67422166, -0.73844335, -0.0112503 ],\n",
       "       [-0.73852731, -0.67410883, -0.01243749]]))), PartRef(path='/Robot/Legs_<1>_0/Left_Leg_<1>_0/X10_<1>_0/PCB_0', name='PCB_0', variation=InventoryVariationRef(checksum='d0d15b0eefbac8f910b84db8a36ae245', id=1), id='392a002b-209f-4a0d-a6d1-ad59b5086480', location=Location(position=array([ 120.2484619 ,   42.27142518, -199.3816094 ]), orientation=array([[ 1.24363805e-02, -1.12515301e-02,  9.99859360e-01],\n",
       "       [ 1.68652127e-04,  9.99936699e-01,  1.12503027e-02],\n",
       "       [-9.99922651e-01,  2.87153619e-05,  1.24374909e-02]])))])), ('3266fa6c-066c-47ba-9dd5-cd49199687f0', Assembly(path='/Robot/Legs_<1>_0/Left_Leg_<1>_0/X4_<1>_0', id='3266fa6c-066c-47ba-9dd5-cd49199687f0', location=None, children=[], parts=[PartRef(path='/Robot/Legs_<1>_0/Left_Leg_<1>_0/X4_<1>_0/PCB_0', name='PCB_0', variation=InventoryVariationRef(checksum='3028aeb4c44efd73a0e9a1691af54732', id=1), id='74eb9958-e0e9-440e-b696-e6faa184951a', location=Location(position=array([  90.50061603,  -55.90001306, -681.66217052]), orientation=array([[ 9.99936704e-01, -6.51425359e-08,  1.12511010e-02],\n",
       "       [ 1.12511010e-02,  5.78941320e-06, -9.99936704e-01],\n",
       "       [ 1.14024301e-12,  1.00000000e+00,  5.78977968e-06]]))), PartRef(path='/Robot/Legs_<1>_0/Left_Leg_<1>_0/X4_<1>_0/Inner_0', name='Inner_0', variation=InventoryVariationRef(checksum='dfdf45bb67c86b4ed01f890addc43d7e', id=1), id='8fc3d95f-6acc-4709-9327-e2cdd790cb49', location=Location(position=array([  90.50061603,  -55.90001306, -681.66217052]), orientation=array([[ 9.99859360e-01, -1.24367688e-02,  1.12511010e-02],\n",
       "       [ 1.12503027e-02, -1.34146501e-04, -9.99936704e-01],\n",
       "       [ 1.24374909e-02,  9.99922651e-01,  5.78977968e-06]]))), PartRef(path='/Robot/Legs_<1>_0/Left_Leg_<1>_0/X4_<1>_0/Outer_0', name='Outer_0', variation=InventoryVariationRef(checksum='7b1367cd0712add0cc5f5703c2601d26', id=1), id='1c90da82-f8d4-48fd-8b4b-2d143e19b0d9', location=Location(position=array([  90.50061603,  -55.90001306, -681.66217052]), orientation=array([[ 9.99936704e-01, -6.51425359e-08,  1.12511010e-02],\n",
       "       [ 1.12511010e-02,  5.78941320e-06, -9.99936704e-01],\n",
       "       [ 1.14024648e-12,  1.00000000e+00,  5.78977968e-06]])))])), ('51fb04a3-ae41-48ae-baef-8a34af293f21', Assembly(path='/Robot/Legs_<1>_0/Left_Leg_<1>_0/X8_<1>_0', id='51fb04a3-ae41-48ae-baef-8a34af293f21', location=None, children=[], parts=[PartRef(path='/Robot/Legs_<1>_0/Left_Leg_<1>_0/X8_<1>_0/Outer_0', name='Outer_0', variation=InventoryVariationRef(checksum='2d4fd143b60d18c41c441c9b63507631', id=1), id='208ab440-73ae-4f1a-ae1c-4c0fac960416', location=Location(position=array([ 82.39035546,  41.94870393, -74.24280229]), orientation=array([[ 9.99824296e-01, -1.40254780e-02, -1.24363805e-02],\n",
       "       [ 1.40244652e-02,  9.99901638e-01, -1.68652127e-04],\n",
       "       [ 1.24375227e-02, -5.79109195e-06,  9.99922651e-01]]))), PartRef(path='/Robot/Legs_<1>_0/Left_Leg_<1>_0/X8_<1>_0/Inner_0', name='Inner_0', variation=InventoryVariationRef(checksum='2f6e7b4e3686d489f4755e2171be91c0', id=1), id='01da8a67-90de-47b5-952e-e3558e3599e7', location=Location(position=array([ 82.06949684,  41.94435271, -48.44479789]), orientation=array([[ 8.71529371e-01, -4.90185569e-01,  1.24363805e-02],\n",
       "       [-4.90225302e-01, -8.71595735e-01,  1.68652127e-04],\n",
       "       [ 1.07568254e-02, -6.24361369e-03, -9.99922651e-01]]))), PartRef(path='/Robot/Legs_<1>_0/Left_Leg_<1>_0/X8_<1>_0/PCB_0', name='PCB_0', variation=InventoryVariationRef(checksum='41ba72c40f1caabdaed0f175bc58ff25', id=1), id='c436cdc5-2fe6-4190-af05-3f8f05e66532', location=Location(position=array([ 82.39035546,  41.94870393, -74.24280229]), orientation=array([[ 9.99824296e-01, -1.40254780e-02, -1.24363805e-02],\n",
       "       [ 1.40244652e-02,  9.99901638e-01, -1.68652127e-04],\n",
       "       [ 1.24375227e-02, -5.79109195e-06,  9.99922651e-01]])))])), ('16990972-a7b6-4cf3-b88f-99c38d41ac4a', Assembly(path='/Robot/Legs_<1>_0/Left_Leg_<1>_0', id='16990972-a7b6-4cf3-b88f-99c38d41ac4a', location=None, children=['66d87c19-6cd6-4b8a-9c87-079e743da47f', 'd8384b65-7e8c-4cce-bad7-65a04e061207', '5df7f1af-2240-4773-b862-ab01ce03434c', '3266fa6c-066c-47ba-9dd5-cd49199687f0', '51fb04a3-ae41-48ae-baef-8a34af293f21'], parts=[PartRef(path='/Robot/Legs_<1>_0/Left_Leg_<1>_0/hip_rotate_0', name='hip_rotate_0', variation=InventoryVariationRef(checksum='c945c75012a5509a86e756a36883e40b', id=1), id='c9f8e4a0-d226-4484-9d5f-d6ed053833b2', location=Location(position=array([ 81.47297864, 110.54256346, -77.8429211 ]), orientation=array([[ 9.99824296e-01,  1.24363805e-02, -1.40254780e-02],\n",
       "       [ 1.40244652e-02,  1.68652127e-04,  9.99901638e-01],\n",
       "       [ 1.24375227e-02, -9.99922651e-01, -5.79109195e-06]]))), PartRef(path='/Robot/Legs_<1>_0/Left_Leg_<1>_0/Thigh_HTD_5mm_44T_Pulley_0', name='Thigh_HTD_5mm_44T_Pulley_0', variation=InventoryVariationRef(checksum='bd45ced6f32de9b93ae769c311b2d4fe', id=1), id='3548b2a2-b71c-4fff-9418-952ba7ae5571', location=Location(position=array([  65.65614085,   41.65715865, -200.0606964 ]), orientation=array([[ 0.01476998, -0.00794407, -0.99985936],\n",
       "       [-0.94200094, -0.33542163, -0.0112503 ],\n",
       "       [-0.33528508,  0.94203462, -0.01243749]]))), PartRef(path='/Robot/Legs_<1>_0/Left_Leg_<1>_0/Ankle_Pulley_48T_0', name='Ankle_Pulley_48T_0', variation=InventoryVariationRef(checksum='ab190ae1947e0cc6e3e826472d08ab88', id=1), id='5f165f7d-fc01-41e9-b156-e5fffba4c207', location=Location(position=array([  89.02165553,   45.6437546 , -610.68041119]), orientation=array([[ 1.12511010e-02, -1.24367688e-02, -9.99859360e-01],\n",
       "       [-9.99936704e-01, -1.34146501e-04, -1.12503027e-02],\n",
       "       [ 5.78977968e-06,  9.99922651e-01, -1.24374909e-02]]))), PartRef(path='/Robot/Legs_<1>_0/Left_Leg_<1>_0/Calf_Pulley_24T_0', name='Calf_Pulley_24T_0', variation=InventoryVariationRef(checksum='142ffe1f5c76ad01fe8561f3135e8b82', id=1), id='094a4878-d7f5-4ec4-ae9e-6d1cf18a2b83', location=Location(position=array([ 109.48029843,   39.78802544, -441.02294932]), orientation=array([[-0.99985936,  0.01283276,  0.01079726],\n",
       "       [-0.0112503 , -0.03577236, -0.99929664],\n",
       "       [-0.01243749, -0.99927757,  0.0359117 ]]))), PartRef(path='/Robot/Legs_<1>_0/Left_Leg_<1>_0/Rubber_0', name='Rubber_0', variation=InventoryVariationRef(checksum='de60eb80ea53ca2c88fcaa34490c8446', id=1), id='f70e9102-7c8a-42cd-a523-8548939b3b27', location=Location(position=array([  89.3580314 ,   45.64691486, -718.66275606]), orientation=array([[-9.99936704e-01,  1.12511010e-02, -6.51425359e-08],\n",
       "       [-1.12511010e-02, -9.99936704e-01,  5.78941320e-06],\n",
       "       [-1.14023118e-12,  5.78977968e-06,  1.00000000e+00]]))), PartRef(path='/Robot/Legs_<1>_0/Left_Leg_<1>_0/Foot_0', name='Foot_0', variation=InventoryVariationRef(checksum='b6cfe3b9891049fe25a43caa0525fa53', id=1), id='cfe5f028-1544-4f44-8a2d-672a5507db2f', location=Location(position=array([  89.3580314 ,   45.64691486, -718.66275606]), orientation=array([[-9.99936704e-01,  1.12511010e-02, -6.51425359e-08],\n",
       "       [-1.12511010e-02, -9.99936704e-01,  5.78941320e-06],\n",
       "       [-1.14024301e-12,  5.78977968e-06,  1.00000000e+00]]))), PartRef(path='/Robot/Legs_<1>_0/Left_Leg_<1>_0/Thigh_Rotate_Left_0', name='Thigh_Rotate_Left_0', variation=InventoryVariationRef(checksum='28fa1239c6be679a06fa3668a56829fa', id=1), id='76afbade-202d-4d78-9111-734a47bf8ca1', location=Location(position=array([ 82.39035546,  41.94870393, -74.24280229]), orientation=array([[ 1.12515301e-02,  9.99859360e-01, -1.24363805e-02],\n",
       "       [-9.99936699e-01,  1.12503027e-02, -1.68652127e-04],\n",
       "       [-2.87153619e-05,  1.24374909e-02,  9.99922651e-01]]))), PartRef(path='/Robot/Legs_<1>_0/Left_Leg_<1>_0/Belt_Thigh_Left_0', name='Belt_Thigh_Left_0', variation=InventoryVariationRef(checksum='c59783c1cd481fc180e0137f9be73656', id=1), id='847cd061-da14-48fa-b6b6-3121df7391e5', location=Location(position=array([ 111.44969953,   42.17242252, -199.49105932]), orientation=array([[ 0.0152579 ,  0.99985936,  0.00696111],\n",
       "       [-0.30239987,  0.0112503 , -0.95311476],\n",
       "       [-0.95305903,  0.01243749,  0.302529  ]]))), PartRef(path='/Robot/Legs_<1>_0/Left_Leg_<1>_0/51T_HDT5_15MM_Belt_Knee_Left_0', name='51T_HDT5_15MM_Belt_Knee_Left_0', variation=InventoryVariationRef(checksum='87f9bb4432507972bf451b0b9dcbcc10', id=1), id='d0601a3b-6076-4386-a129-f3dadad71922', location=Location(position=array([  97.60174913,   -8.71877739, -487.44751335]), orientation=array([[-0.99985936,  0.01169043, -0.01202474],\n",
       "       [-0.0112503 , -0.999287  , -0.03604048],\n",
       "       [-0.01243749, -0.03590013,  0.99927798]]))), PartRef(path='/Robot/Legs_<1>_0/Left_Leg_<1>_0/Ankle_0', name='Ankle_0', variation=InventoryVariationRef(checksum='78d0eb2753a011d1454c28d1107f81a1', id=1), id='f1a83013-8d10-4535-ba31-60beafe16dcb', location=Location(position=array([  89.02165553,   45.6437546 , -610.68041119]), orientation=array([[-1.12511010e-02, -1.24367688e-02,  9.99859360e-01],\n",
       "       [ 9.99936704e-01, -1.34146501e-04,  1.12503027e-02],\n",
       "       [-5.78977968e-06,  9.99922651e-01,  1.24374909e-02]])))])), ('39dcbecf-3a52-42bd-ad5b-e8d973f5c4d1', Assembly(path='/Robot/Legs_<1>_0/X8_<1>_0', id='39dcbecf-3a52-42bd-ad5b-e8d973f5c4d1', location=None, children=[], parts=[PartRef(path='/Robot/Legs_<1>_0/X8_<1>_0/Inner_0', name='Inner_0', variation=InventoryVariationRef(checksum='2f6e7b4e3686d489f4755e2171be91c0', id=1), id='753ed425-3fb0-49e5-8cf8-79cf41c54a32', location=Location(position=array([-89.90871222, 133.94115485, -77.84306776]), orientation=array([[-4.98087934e-01, -8.67013088e-01,  1.40254780e-02],\n",
       "       [-6.98158666e-03, -1.21643543e-02, -9.99901638e-01],\n",
       "       [ 8.67098418e-01, -4.98136862e-01,  5.79109195e-06]]))), PartRef(path='/Robot/Legs_<1>_0/X8_<1>_0/Outer_0', name='Outer_0', variation=InventoryVariationRef(checksum='2d4fd143b60d18c41c441c9b63507631', id=1), id='5147f23a-0075-462c-b7ba-278d178bfe34', location=Location(position=array([-89.54685489, 108.14369258, -77.84291835]), orientation=array([[-6.51575955e-08,  9.99901638e-01, -1.40254780e-02],\n",
       "       [ 5.79074767e-06,  1.40254780e-02,  9.99901638e-01],\n",
       "       [ 1.00000000e+00, -1.60668177e-08, -5.79109194e-06]]))), PartRef(path='/Robot/Legs_<1>_0/X8_<1>_0/PCB_0', name='PCB_0', variation=InventoryVariationRef(checksum='41ba72c40f1caabdaed0f175bc58ff25', id=1), id='fda6e5b5-b142-4460-956f-c247556ffe6a', location=Location(position=array([-89.54685489, 108.14369258, -77.84291835]), orientation=array([[-6.51575955e-08,  9.99901638e-01, -1.40254780e-02],\n",
       "       [ 5.79074766e-06,  1.40254780e-02,  9.99901638e-01],\n",
